# S(Eg_0.5eV)   L-SPB L-SKB_300K L-SKB_400K L-SKB_500K L-SKB_600K L-SKB_700K L-SKB_800K
    2.0000     2.4424     2.4368     2.4354     2.4341     2.4329     2.4317     2.4305
    4.0000     2.4412     2.4280     2.4245     2.4212     2.4180     2.4149     2.4118
    6.0000     2.4392     2.4178     2.4119     2.4062     2.4007     2.3954     2.3901
    8.0000     2.4364     2.4066     2.3980     2.3899     2.3820     2.3743     2.3668
   10.0000     2.4328     2.3947     2.3834     2.3726     2.3622     2.3522     2.3426
   12.0000     2.4284     2.3822     2.3680     2.3546     2.3419     2.3297     2.3180
   14.0000     2.4232     2.3691     2.3522     2.3362     2.3212     2.3069     2.2934
   16.0000     2.4172     2.3555     2.3359     2.3175     2.3003     2.2841     2.2689
   18.0000     2.4104     2.3414     2.3193     2.2987     2.2794     2.2615     2.2448
   20.0000     2.4028     2.3269     2.3024     2.2797     2.2586     2.2391     2.2209
   22.0000     2.3944     2.3122     2.2854     2.2607     2.2379     2.2169     2.1976
   24.0000     2.3853     2.2971     2.2683     2.2418     2.2175     2.1952     2.1747
   26.0000     2.3754     2.2818     2.2511     2.2230     2.1973     2.1738     2.1522
   28.0000     2.3648     2.2663     2.2339     2.2043     2.1773     2.1528     2.1303
   30.0000     2.3536     2.2507     2.2168     2.1858     2.1577     2.1322     2.1089
   32.0000     2.3417     2.2350     2.1997     2.1676     2.1385     2.1121     2.0880
   34.0000     2.3294     2.2193     2.1827     2.1496     2.1195     2.0924     2.0677
   36.0000     2.3166     2.2036     2.1659     2.1318     2.1010     2.0731     2.0478
   38.0000     2.3034     2.1879     2.1493     2.1143     2.0828     2.0543     2.0284
   40.0000     2.2899     2.1723     2.1329     2.0972     2.0649     2.0359     2.0095
   42.0000     2.2762     2.1567     2.1166     2.0803     2.0475     2.0179     1.9911
   44.0000     2.2623     2.1414     2.1006     2.0637     2.0304     2.0003     1.9732
   46.0000     2.2482     2.1261     2.0848     2.0474     2.0136     1.9832     1.9557
   48.0000     2.2340     2.1110     2.0693     2.0314     1.9973     1.9665     1.9387
   50.0000     2.2198     2.0961     2.0540     2.0158     1.9813     1.9502     1.9221
   52.0000     2.2056     2.0814     2.0390     2.0004     1.9656     1.9342     1.9059
   54.0000     2.1915     2.0669     2.0242     1.9854     1.9503     1.9187     1.8902
   56.0000     2.1774     2.0526     2.0097     1.9706     1.9353     1.9035     1.8748
   58.0000     2.1634     2.0386     1.9955     1.9562     1.9207     1.8887     1.8599
   60.0000     2.1495     2.0247     1.9815     1.9421     1.9064     1.8743     1.8453
   62.0000     2.1358     2.0111     1.9678     1.9283     1.8925     1.8602     1.8311
   64.0000     2.1222     1.9977     1.9544     1.9148     1.8789     1.8465     1.8172
   66.0000     2.1087     1.9846     1.9412     1.9015     1.8655     1.8331     1.8037
   68.0000     2.0955     1.9717     1.9284     1.8886     1.8525     1.8200     1.7905
   70.0000     2.0825     1.9591     1.9157     1.8759     1.8398     1.8072     1.7777
   72.0000     2.0696     1.9467     1.9034     1.8636     1.8274     1.7947     1.7652
   74.0000     2.0569     1.9345     1.8913     1.8515     1.8153     1.7826     1.7530
   76.0000     2.0445     1.9226     1.8794     1.8396     1.8035     1.7707     1.7411
   78.0000     2.0323     1.9109     1.8678     1.8281     1.7919     1.7592     1.7295
   80.0000     2.0203     1.8994     1.8565     1.8168     1.7806     1.7479     1.7182
   82.0000     2.0085     1.8882     1.8453     1.8057     1.7696     1.7368     1.7072
   84.0000     1.9969     1.8772     1.8345     1.7949     1.7588     1.7261     1.6964
   86.0000     1.9856     1.8665     1.8238     1.7844     1.7483     1.7156     1.6859
   88.0000     1.9744     1.8560     1.8135     1.7740     1.7381     1.7054     1.6757
   90.0000     1.9635     1.8457     1.8033     1.7640     1.7280     1.6954     1.6657
   92.0000     1.9528     1.8356     1.7933     1.7541     1.7182     1.6856     1.6560
   94.0000     1.9423     1.8257     1.7836     1.7445     1.7087     1.6761     1.6465
   96.0000     1.9321     1.8161     1.7741     1.7351     1.6993     1.6668     1.6372
   98.0000     1.9220     1.8066     1.7648     1.7259     1.6902     1.6577     1.6282
  100.0000     1.9122     1.7974     1.7557     1.7169     1.6813     1.6489     1.6193
  102.0000     1.9025     1.7883     1.7468     1.7081     1.6726     1.6402     1.6107
  104.0000     1.8931     1.7795     1.7382     1.6996     1.6641     1.6318     1.6023
  106.0000     1.8839     1.7708     1.7297     1.6912     1.6558     1.6236     1.5942
  108.0000     1.8748     1.7624     1.7214     1.6830     1.6477     1.6155     1.5862
  110.0000     1.8660     1.7541     1.7133     1.6750     1.6398     1.6077     1.5784
  112.0000     1.8574     1.7460     1.7053     1.6672     1.6321     1.6000     1.5707
  114.0000     1.8489     1.7381     1.6976     1.6596     1.6246     1.5925     1.5633
  116.0000     1.8406     1.7304     1.6900     1.6521     1.6172     1.5852     1.5561
  118.0000     1.8325     1.7229     1.6826     1.6448     1.6100     1.5781     1.5490
  120.0000     1.8246     1.7155     1.6754     1.6377     1.6030     1.5711     1.5421
  122.0000     1.8169     1.7083     1.6683     1.6308     1.5961     1.5643     1.5353
  124.0000     1.8093     1.7012     1.6614     1.6240     1.5894     1.5577     1.5287
  126.0000     1.8019     1.6943     1.6547     1.6173     1.5829     1.5512     1.5223
  128.0000     1.7947     1.6876     1.6481     1.6109     1.5765     1.5449     1.5160
  130.0000     1.7876     1.6810     1.6416     1.6045     1.5702     1.5387     1.5099
  132.0000     1.7807     1.6746     1.6353     1.5983     1.5641     1.5327     1.5039
  134.0000     1.7739     1.6683     1.6292     1.5923     1.5582     1.5268     1.4981
  136.0000     1.7673     1.6621     1.6231     1.5864     1.5523     1.5211     1.4924
  138.0000     1.7609     1.6561     1.6173     1.5806     1.5467     1.5154     1.4868
  140.0000     1.7545     1.6502     1.6115     1.5750     1.5411     1.5100     1.4814
  142.0000     1.7484     1.6445     1.6059     1.5695     1.5357     1.5046     1.4761
  144.0000     1.7423     1.6389     1.6004     1.5641     1.5304     1.4994     1.4709
  146.0000     1.7364     1.6334     1.5951     1.5588     1.5252     1.4943     1.4659
  148.0000     1.7307     1.6280     1.5898     1.5537     1.5202     1.4893     1.4609
  150.0000     1.7251     1.6228     1.5847     1.5487     1.5152     1.4844     1.4561
  152.0000     1.7195     1.6177     1.5797     1.5438     1.5104     1.4796     1.4514
  154.0000     1.7142     1.6127     1.5748     1.5390     1.5057     1.4750     1.4468
  156.0000     1.7089     1.6078     1.5701     1.5343     1.5011     1.4705     1.4423
  158.0000     1.7038     1.6030     1.5654     1.5298     1.4966     1.4660     1.4380
  160.0000     1.6988     1.5983     1.5608     1.5253     1.4922     1.4617     1.4337
  162.0000     1.6938     1.5938     1.5564     1.5209     1.4879     1.4575     1.4295
  164.0000     1.6891     1.5893     1.5520     1.5167     1.4837     1.4533     1.4254
  166.0000     1.6844     1.5850     1.5478     1.5125     1.4796     1.4493     1.4214
  168.0000     1.6798     1.5807     1.5436     1.5084     1.4756     1.4454     1.4175
  170.0000     1.6753     1.5765     1.5396     1.5045     1.4717     1.4415     1.4137
  172.0000     1.6709     1.5725     1.5356     1.5006     1.4679     1.4378     1.4100
  174.0000     1.6667     1.5685     1.5317     1.4968     1.4642     1.4341     1.4064
  176.0000     1.6625     1.5646     1.5280     1.4931     1.4606     1.4305     1.4029
  178.0000     1.6584     1.5608     1.5243     1.4895     1.4570     1.4270     1.3994
  180.0000     1.6544     1.5571     1.5207     1.4859     1.4535     1.4236     1.3960
  182.0000     1.6505     1.5535     1.5171     1.4825     1.4501     1.4202     1.3927
  184.0000     1.6467     1.5500     1.5137     1.4791     1.4468     1.4170     1.3895
  186.0000     1.6430     1.5465     1.5103     1.4758     1.4436     1.4138     1.3863
  188.0000     1.6394     1.5432     1.5070     1.4726     1.4404     1.4107     1.3833
  190.0000     1.6358     1.5399     1.5038     1.4694     1.4373     1.4076     1.3803
  192.0000     1.6323     1.5366     1.5006     1.4664     1.4343     1.4047     1.3773
  194.0000     1.6290     1.5335     1.4976     1.4634     1.4314     1.4018     1.3745
  196.0000     1.6256     1.5304     1.4946     1.4604     1.4285     1.3989     1.3717
  198.0000     1.6224     1.5274     1.4916     1.4576     1.4257     1.3961     1.3689
  200.0000     1.6192     1.5245     1.4888     1.4547     1.4229     1.3934     1.3663
  202.0000     1.6161     1.5216     1.4860     1.4520     1.4202     1.3908     1.3637
  204.0000     1.6131     1.5188     1.4832     1.4493     1.4176     1.3882     1.3611
  206.0000     1.6102     1.5160     1.4806     1.4467     1.4150     1.3857     1.3586
  208.0000     1.6073     1.5134     1.4780     1.4442     1.4125     1.3832     1.3562
  210.0000     1.6045     1.5107     1.4754     1.4417     1.4101     1.3808     1.3538
  212.0000     1.6017     1.5082     1.4729     1.4392     1.4077     1.3785     1.3515
  214.0000     1.5990     1.5057     1.4705     1.4369     1.4054     1.3762     1.3492
  216.0000     1.5964     1.5032     1.4681     1.4345     1.4031     1.3739     1.3470
  218.0000     1.5938     1.5008     1.4658     1.4323     1.4009     1.3717     1.3449
  220.0000     1.5913     1.4985     1.4635     1.4300     1.3987     1.3696     1.3427
  222.0000     1.5889     1.4962     1.4613     1.4279     1.3966     1.3675     1.3407
  224.0000     1.5865     1.4940     1.4591     1.4257     1.3945     1.3655     1.3387
  226.0000     1.5841     1.4918     1.4570     1.4237     1.3924     1.3635     1.3367
  228.0000     1.5818     1.4897     1.4549     1.4216     1.3905     1.3615     1.3348
  230.0000     1.5796     1.4876     1.4529     1.4197     1.3885     1.3596     1.3329
  232.0000     1.5774     1.4856     1.4509     1.4177     1.3866     1.3577     1.3311
  234.0000     1.5753     1.4836     1.4490     1.4158     1.3848     1.3559     1.3293
  236.0000     1.5732     1.4817     1.4471     1.4140     1.3830     1.3541     1.3275
  238.0000     1.5712     1.4798     1.4453     1.4122     1.3812     1.3524     1.3258
  240.0000     1.5692     1.4779     1.4435     1.4104     1.3795     1.3507     1.3241
  242.0000     1.5672     1.4761     1.4417     1.4087     1.3778     1.3491     1.3225
  244.0000     1.5653     1.4744     1.4400     1.4070     1.3761     1.3474     1.3209
  246.0000     1.5635     1.4726     1.4383     1.4054     1.3745     1.3458     1.3193
  248.0000     1.5616     1.4710     1.4366     1.4038     1.3730     1.3443     1.3178
  250.0000     1.5599     1.4693     1.4350     1.4022     1.3714     1.3428     1.3163
  252.0000     1.5581     1.4677     1.4335     1.4007     1.3699     1.3413     1.3149
  254.0000     1.5564     1.4661     1.4319     1.3992     1.3685     1.3399     1.3135
  256.0000     1.5548     1.4646     1.4304     1.3977     1.3670     1.3385     1.3121
  258.0000     1.5532     1.4631     1.4290     1.3963     1.3656     1.3371     1.3107
  260.0000     1.5516     1.4616     1.4276     1.3949     1.3642     1.3357     1.3094
  262.0000     1.5501     1.4602     1.4262     1.3935     1.3629     1.3344     1.3081
  264.0000     1.5485     1.4588     1.4248     1.3922     1.3616     1.3332     1.3068
  266.0000     1.5471     1.4574     1.4235     1.3909     1.3603     1.3319     1.3056
  268.0000     1.5456     1.4561     1.4222     1.3896     1.3591     1.3307     1.3044
  270.0000     1.5442     1.4548     1.4209     1.3884     1.3579     1.3295     1.3032
  272.0000     1.5428     1.4535     1.4196     1.3872     1.3567     1.3283     1.3021
  274.0000     1.5415     1.4523     1.4184     1.3860     1.3555     1.3272     1.3009
  276.0000     1.5402     1.4510     1.4172     1.3848     1.3544     1.3260     1.2998
  278.0000     1.5389     1.4498     1.4161     1.3837     1.3533     1.3250     1.2988
  280.0000     1.5377     1.4487     1.4149     1.3826     1.3522     1.3239     1.2977
  282.0000     1.5364     1.4475     1.4138     1.3815     1.3511     1.3229     1.2967
  284.0000     1.5352     1.4464     1.4128     1.3805     1.3501     1.3218     1.2957
  286.0000     1.5341     1.4453     1.4117     1.3794     1.3491     1.3208     1.2947
  288.0000     1.5329     1.4443     1.4107     1.3784     1.3481     1.3199     1.2938
  290.0000     1.5318     1.4432     1.4097     1.3774     1.3471     1.3189     1.2928
  292.0000     1.5307     1.4422     1.4087     1.3765     1.3462     1.3180     1.2919
  294.0000     1.5296     1.4412     1.4077     1.3755     1.3453     1.3171     1.2910
  296.0000     1.5286     1.4403     1.4068     1.3746     1.3444     1.3162     1.2901
  298.0000     1.5276     1.4393     1.4058     1.3737     1.3435     1.3153     1.2893
  300.0000     1.5266     1.4384     1.4049     1.3728     1.3426     1.3145     1.2885
  302.0000     1.5256     1.4375     1.4041     1.3720     1.3418     1.3137     1.2876
  304.0000     1.5247     1.4366     1.4032     1.3711     1.3410     1.3129     1.2869
  306.0000     1.5237     1.4358     1.4024     1.3703     1.3402     1.3121     1.2861
  308.0000     1.5228     1.4349     1.4015     1.3695     1.3394     1.3113     1.2853
  310.0000     1.5219     1.4341     1.4007     1.3687     1.3386     1.3106     1.2846
  312.0000     1.5211     1.4333     1.4000     1.3680     1.3379     1.3098     1.2839
  314.0000     1.5202     1.4325     1.3992     1.3672     1.3371     1.3091     1.2832
  316.0000     1.5194     1.4317     1.3985     1.3665     1.3364     1.3084     1.2825
  318.0000     1.5186     1.4310     1.3977     1.3658     1.3357     1.3077     1.2818
  320.0000     1.5178     1.4303     1.3970     1.3651     1.3350     1.3070     1.2811
  322.0000     1.5170     1.4295     1.3963     1.3644     1.3344     1.3064     1.2805
  324.0000     1.5163     1.4288     1.3956     1.3637     1.3337     1.3058     1.2799
  326.0000     1.5155     1.4282     1.3950     1.3631     1.3331     1.3051     1.2792
  328.0000     1.5148     1.4275     1.3943     1.3624     1.3325     1.3045     1.2786
  330.0000     1.5141     1.4268     1.3937     1.3618     1.3318     1.3039     1.2781
  332.0000     1.5134     1.4262     1.3931     1.3612     1.3313     1.3033     1.2775
  334.0000     1.5128     1.4256     1.3925     1.3606     1.3307     1.3028     1.2769
  336.0000     1.5121     1.4250     1.3919     1.3601     1.3301     1.3022     1.2764
  338.0000     1.5115     1.4244     1.3913     1.3595     1.3296     1.3017     1.2758
  340.0000     1.5108     1.4238     1.3907     1.3589     1.3290     1.3011     1.2753
  342.0000     1.5102     1.4232     1.3902     1.3584     1.3285     1.3006     1.2748
  344.0000     1.5096     1.4227     1.3896     1.3579     1.3280     1.3001     1.2743
  346.0000     1.5090     1.4221     1.3891     1.3574     1.3275     1.2996     1.2738
  348.0000     1.5085     1.4216     1.3886     1.3568     1.3270     1.2991     1.2733
  350.0000     1.5079     1.4211     1.3881     1.3564     1.3265     1.2987     1.2729
  352.0000     1.5074     1.4206     1.3876     1.3559     1.3260     1.2982     1.2724
  354.0000     1.5068     1.4201     1.3871     1.3554     1.3256     1.2978     1.2720
  356.0000     1.5063     1.4196     1.3866     1.3549     1.3251     1.2973     1.2715
  358.0000     1.5058     1.4191     1.3862     1.3545     1.3247     1.2969     1.2711
  360.0000     1.5053     1.4187     1.3857     1.3541     1.3242     1.2965     1.2707
  362.0000     1.5048     1.4182     1.3853     1.3536     1.3238     1.2960     1.2703
  364.0000     1.5043     1.4178     1.3849     1.3532     1.3234     1.2956     1.2699
  366.0000     1.5039     1.4173     1.3844     1.3528     1.3230     1.2953     1.2695
  368.0000     1.5034     1.4169     1.3840     1.3524     1.3226     1.2949     1.2691
  370.0000     1.5030     1.4165     1.3836     1.3520     1.3222     1.2945     1.2688
  372.0000     1.5026     1.4161     1.3832     1.3516     1.3219     1.2941     1.2684
  374.0000     1.5021     1.4157     1.3828     1.3513     1.3215     1.2938     1.2681
  376.0000     1.5017     1.4153     1.3825     1.3509     1.3211     1.2934     1.2677
  378.0000     1.5013     1.4150     1.3821     1.3505     1.3208     1.2931     1.2674
  380.0000     1.5009     1.4146     1.3818     1.3502     1.3205     1.2927     1.2670
  382.0000     1.5005     1.4142     1.3814     1.3499     1.3201     1.2924     1.2667
  384.0000     1.5002     1.4139     1.3811     1.3495     1.3198     1.2921     1.2664
  386.0000     1.4998     1.4135     1.3807     1.3492     1.3195     1.2918     1.2661
  388.0000     1.4994     1.4132     1.3804     1.3489     1.3192     1.2915     1.2658
  390.0000     1.4991     1.4129     1.3801     1.3486     1.3189     1.2912     1.2655
  392.0000     1.4987     1.4126     1.3798     1.3483     1.3186     1.2909     1.2652
  394.0000     1.4984     1.4122     1.3795     1.3480     1.3183     1.2906     1.2650
  396.0000     1.4981     1.4119     1.3792     1.3477     1.3180     1.2903     1.2647
  398.0000     1.4977     1.4116     1.3789     1.3474     1.3177     1.2901     1.2644
  400.0000     1.4974     1.4114     1.3786     1.3471     1.3175     1.2898     1.2642
