# Interpolate via cubic method - 2023.09.20 18:37:38 TEflow(0.0.1a3)
105.8400 1.8846 1.7715 1.7304 1.6919 1.6565 1.6243 1.5948
130.9400 1.7843 1.6780 1.6386 1.6016 1.5673 1.5359 1.5071
153.6600 1.7151 1.6135 1.5756 1.5398 1.5065 1.4758 1.4476
178.0900 1.6582 1.5606 1.5241 1.4893 1.4568 1.4268 1.3992
205.0900 1.6115 1.5173 1.4818 1.4479 1.4162 1.3868 1.3597
229.4800 1.5802 1.4881 1.4534 1.4202 1.3890 1.3601 1.3334
247.0000 1.5625 1.4718 1.4374 1.4046 1.3738 1.3450 1.3185
258.3400 1.5529 1.4628 1.4288 1.3961 1.3654 1.3369 1.3105
266.2300 1.5469 1.4572 1.4234 1.3907 1.3602 1.3318 1.3055
268.8800 1.5450 1.4555 1.4216 1.3891 1.3586 1.3302 1.3039
