#T(both) R(#1)   S(#1)   K(#1)  R(#2)  S(#2)    K(#2)
300.0000 3.0586 -81.4719 3.3229 7.1097 105.8429 2.5201
305.0000 3.1331 -83.0394 3.2534 7.1636 108.2697 2.4739
310.0000 3.2114 -84.6106 3.1862 7.2268 110.7767 2.4274
315.0000 3.2938 -86.1856 3.1212 7.2994 113.3408 2.3809
320.0000 3.3801 -87.7644 3.0583 7.3816 115.9389 2.3348
325.0000 3.4707 -89.3474 2.9975 7.4737 118.5480 2.2896
330.0000 3.5654 -90.9345 2.9388 7.5759 121.1449 2.2455
335.0000 3.6645 -92.5261 2.8820 7.6884 123.7067 2.2029
340.0000 3.7679 -94.1222 2.8272 7.8119 126.2101 2.1623
345.0000 3.8756 -95.7229 2.7742 7.9466 128.6321 2.1240
350.0000 3.9875 -97.3285 2.7229 8.0931 130.9497 2.0883
355.0000 4.1037 -98.9391 2.6734 8.2518 133.1516 2.0555
360.0000 4.2242 -100.5546 2.6256 8.4225 135.2739 2.0248
365.0000 4.3489 -102.1752 2.5793 8.6046 137.3649 1.9955
370.0000 4.4780 -103.8009 2.5346 8.7973 139.4725 1.9668
375.0000 4.6115 -105.4316 2.4914 8.9998 141.6447 1.9378
380.0000 4.7493 -107.0675 2.4497 9.2111 143.9178 1.9079
385.0000 4.8915 -108.7084 2.4093 9.4307 146.2802 1.8776
390.0000 5.0381 -110.3543 2.3703 9.6585 148.7082 1.8478
395.0000 5.1892 -112.0051 2.3326 9.8939 151.1784 1.8191
400.0000 5.3447 -113.6608 2.2962 10.1364 153.6672 1.7924
405.0000 5.5047 -115.3213 2.2609 10.3854 156.1545 1.7680
410.0000 5.6691 -116.9864 2.2268 10.6402 158.6339 1.7455
415.0000 5.8380 -118.6560 2.1937 10.9003 161.1021 1.7241
420.0000 6.0115 -120.3298 2.1618 11.1647 163.5562 1.7030
425.0000 6.1895 -122.0078 2.1308 11.4327 165.9930 1.6813
430.0000 6.3721 -123.6898 2.1009 11.7033 168.4117 1.6586
435.0000 6.5592 -125.3754 2.0719 11.9766 170.8205 1.6352
440.0000 6.7509 -127.0645 2.0437 12.2531 173.2297 1.6120
445.0000 6.9472 -128.7568 2.0165 12.5334 175.6499 1.5897
450.0000 7.1482 -130.4520 1.9900 12.8183 178.0913 1.5690
455.0000 7.3538 -132.1499 1.9643 13.1084 180.5642 1.5504
460.0000 7.5640 -133.8500 1.9394 13.4035 183.0776 1.5334
465.0000 7.7790 -135.5521 1.9152 13.7030 185.6402 1.5174
470.0000 7.9986 -137.2557 1.8917 14.0062 188.2608 1.5016
475.0000 8.2229 -138.9606 1.8688 14.3125 190.9481 1.4852
480.0000 8.4520 -140.6663 1.8466 14.6209 193.7062 1.4677
485.0000 8.6859 -142.3723 1.8249 14.9307 196.5197 1.4496
490.0000 8.9245 -144.0783 1.8038 15.2408 199.3689 1.4314
495.0000 9.1679 -145.7838 1.7832 15.5502 202.2338 1.4139
500.0000 9.4161 -147.4882 1.7632 15.8578 205.0944 1.3977
505.0000 9.6691 -149.1912 1.7436 16.1626 207.9306 1.3831
510.0000 9.9270 -150.8922 1.7245 16.4655 210.7207 1.3698
515.0000 10.1898 -152.5906 1.7058 16.7678 213.4429 1.3573
520.0000 10.4574 -154.2859 1.6876 17.0711 216.0753 1.3448
525.0000 10.7299 -155.9775 1.6697 17.3775 218.5960 1.3319
530.0000 11.0074 -157.6648 1.6522 17.6886 220.9888 1.3181
535.0000 11.2897 -159.3473 1.6351 18.0045 223.2609 1.3038
540.0000 11.5771 -161.0241 1.6183 18.3245 225.4250 1.2894
545.0000 11.8693 -162.6948 1.6018 18.6479 227.4940 1.2756
550.0000 12.1666 -164.3585 1.5857 18.9739 229.4806 1.2628
555.0000 12.4689 -166.0148 1.5698 19.3017 231.3977 1.2514
560.0000 12.7763 -167.6627 1.5543 19.6305 233.2578 1.2412
565.0000 13.0886 -169.3016 1.5390 19.9596 235.0734 1.2317
570.0000 13.4060 -170.9307 1.5239 20.2880 236.8568 1.2223
575.0000 13.7285 -172.5492 1.5091 20.6149 238.6207 1.2127
580.0000 14.0561 -174.1564 1.4946 20.9394 240.3729 1.2026
585.0000 14.3888 -175.7514 1.4803 21.2613 242.1026 1.1921
590.0000 14.7267 -177.3334 1.4663 21.5805 243.7943 1.1819
595.0000 15.0697 -178.9016 1.4524 21.8972 245.4327 1.1723
600.0000 15.4178 -180.4550 1.4388 22.2113 247.0023 1.1637
605.0000 15.7712 -181.9928 1.4254 22.5230 248.4904 1.1564
610.0000 16.1298 -183.5141 1.4123 22.8322 249.8943 1.1501
615.0000 16.4936 -185.0179 1.3993 23.1388 251.2141 1.1442
620.0000 16.8626 -186.5032 1.3866 23.4427 252.4498 1.1382
625.0000 17.2369 -187.9692 1.3741 23.7438 253.6014 1.1313
630.0000 17.6165 -189.4148 1.3618 24.0420 254.6709 1.1234
635.0000 18.0014 -190.8390 1.3498 24.3374 255.6680 1.1148
640.0000 18.3915 -192.2407 1.3380 24.6299 256.6045 1.1062
645.0000 18.7870 -193.6190 1.3264 24.9194 257.4919 1.0982
650.0000 19.1879 -194.9726 1.3151 25.2061 258.3421 1.0915
655.0000 19.5942 -196.3007 1.3041 25.4900 259.1657 1.0864
660.0000 20.0058 -197.6020 1.2933 25.7714 259.9697 1.0825
665.0000 20.4228 -198.8754 1.2828 26.0507 260.7602 1.0793
670.0000 20.8453 -200.1198 1.2726 26.3283 261.5430 1.0759
675.0000 21.2732 -201.3340 1.2627 26.6045 262.3243 1.0717
680.0000 21.7065 -202.5168 1.2532 26.8799 263.1085 1.0664
685.0000 22.1454 -203.6670 1.2440 27.1547 263.8943 1.0602
690.0000 22.5897 -204.7833 1.2351 27.4290 264.6785 1.0538
695.0000 23.0396 -205.8645 1.2266 27.7032 265.4583 1.0477
700.0000 23.4949 -206.9094 1.2185 27.9774 266.2307 1.0425
705.0000 23.9559 -207.9167 1.2108 28.2520 266.9871 1.0385
710.0000 24.4224 -208.8851 1.2035 28.5273 267.6971 1.0357
715.0000 24.8945 -209.8132 1.1967 28.8040 268.3248 1.0337
720.0000 25.3722 -210.6996 1.1904 29.0823 268.8340 1.0319
725.0000 25.8555 -211.5430 1.1846 29.3630 269.1889 1.0302
730.0000 26.3444 -212.3421 1.1793 29.6465 269.3653 1.0281
735.0000 26.8391 -213.0954 1.1746 29.9331 269.3872 1.0258
740.0000 27.3393 -213.8016 1.1705 30.2228 269.2907 1.0234
745.0000 27.8453 -214.4590 1.1669 30.5159 269.1114 1.0209
750.0000 28.3570 -215.0664 1.1641 30.8125 268.8854 1.0186
755.0000 28.8745 -215.6222 1.1619 31.1129 268.6451 1.0165
760.0000 29.3977 -216.1249 1.1604 31.4182 268.4082 1.0147
765.0000 29.9267 -216.5729 1.1596 31.7297 268.1891 1.0132
770.0000 30.4614 -216.9648 1.1596 32.0487 268.0021 1.0119
775.0000 31.0019 -217.2988 1.1605 32.3769 267.8615 1.0108
780.0000 31.5482 -217.5735 1.1622 32.7158 267.7815 1.0099
785.0000 32.1003 -217.7872 1.1648 33.0671 267.7765 1.0092
790.0000 32.6583 -217.9385 1.1683 33.4329 267.8609 1.0088
795.0000 33.2223 -218.0257 1.1728 33.8151 268.0487 1.0085
800.0000 33.7924 -218.0473 1.1783 34.2159 268.3545 1.0084
