# Engineering performance (L=1mm, A=100mm^2) - 2023.10.10 20:01:43 TEflow(0.0.1a3)
# Tc     Th       PFeng  ZTeng  Pout   Yita
300.0000 305.0000 0.0109 0.0033 0.0014 0.0756
300.0000 310.0000 0.0220 0.0068 0.0055 0.1535
300.0000 315.0000 0.0332 0.0103 0.0125 0.2334
300.0000 320.0000 0.0445 0.0140 0.0223 0.3154
300.0000 325.0000 0.0560 0.0177 0.0350 0.3994
300.0000 330.0000 0.0675 0.0216 0.0506 0.4853
300.0000 335.0000 0.0792 0.0256 0.0693 0.5730
300.0000 340.0000 0.0909 0.0297 0.0909 0.6623
300.0000 345.0000 0.1026 0.0338 0.1155 0.7533
300.0000 350.0000 0.1145 0.0381 0.1431 0.8458
300.0000 355.0000 0.1263 0.0424 0.1737 0.9397
300.0000 360.0000 0.1382 0.0468 0.2074 1.0351
300.0000 365.0000 0.1502 0.0514 0.2440 1.1317
300.0000 370.0000 0.1621 0.0559 0.2837 1.2295
300.0000 375.0000 0.1741 0.0606 0.3264 1.3284
300.0000 380.0000 0.1860 0.0653 0.3721 1.4284
300.0000 385.0000 0.1980 0.0701 0.4207 1.5293
300.0000 390.0000 0.2099 0.0750 0.4723 1.6312
300.0000 395.0000 0.2218 0.0799 0.5269 1.7339
300.0000 400.0000 0.2337 0.0849 0.5844 1.8374
300.0000 405.0000 0.2456 0.0900 0.6447 1.9415
300.0000 410.0000 0.2575 0.0951 0.7080 2.0463
300.0000 415.0000 0.2692 0.1003 0.7741 2.1517
300.0000 420.0000 0.2810 0.1055 0.8430 2.2576
300.0000 425.0000 0.2927 0.1107 0.9147 2.3640
300.0000 430.0000 0.3043 0.1160 0.9891 2.4708
300.0000 435.0000 0.3159 0.1213 1.0663 2.5779
300.0000 440.0000 0.3275 0.1267 1.1461 2.6854
300.0000 445.0000 0.3389 0.1321 1.2286 2.7931
300.0000 450.0000 0.3503 0.1376 1.3138 2.9011
300.0000 455.0000 0.3617 0.1431 1.4015 3.0092
300.0000 460.0000 0.3729 0.1486 1.4917 3.1175
300.0000 465.0000 0.3841 0.1541 1.5845 3.2258
300.0000 470.0000 0.3952 0.1597 1.6798 3.3342
300.0000 475.0000 0.4063 0.1653 1.7775 3.4427
300.0000 480.0000 0.4172 0.1709 1.8776 3.5511
300.0000 485.0000 0.4281 0.1765 1.9800 3.6595
300.0000 490.0000 0.4389 0.1822 2.0848 3.7678
300.0000 495.0000 0.4496 0.1879 2.1919 3.8760
300.0000 500.0000 0.4602 0.1936 2.3012 3.9841
300.0000 505.0000 0.4708 0.1993 2.4128 4.0921
300.0000 510.0000 0.4812 0.2050 2.5265 4.1998
300.0000 515.0000 0.4916 0.2107 2.6424 4.3074
300.0000 520.0000 0.5019 0.2165 2.7603 4.4147
300.0000 525.0000 0.5121 0.2222 2.8803 4.5218
300.0000 530.0000 0.5222 0.2280 3.0024 4.6286
300.0000 535.0000 0.5322 0.2338 3.1264 4.7351
300.0000 540.0000 0.5421 0.2396 3.2524 4.8413
300.0000 545.0000 0.5519 0.2453 3.3802 4.9472
300.0000 550.0000 0.5616 0.2511 3.5099 5.0527
300.0000 555.0000 0.5712 0.2569 3.6415 5.1579
300.0000 560.0000 0.5807 0.2627 3.7748 5.2626
300.0000 565.0000 0.5902 0.2685 3.9098 5.3670
300.0000 570.0000 0.5995 0.2743 4.0466 5.4710
300.0000 575.0000 0.6087 0.2800 4.1849 5.5745
300.0000 580.0000 0.6178 0.2858 4.3249 5.6776
300.0000 585.0000 0.6269 0.2916 4.4665 5.7802
300.0000 590.0000 0.6358 0.2974 4.6096 5.8824
300.0000 595.0000 0.6446 0.3031 4.7541 5.9840
300.0000 600.0000 0.6533 0.3089 4.9001 6.0851
300.0000 605.0000 0.6620 0.3146 5.0474 6.1857
300.0000 610.0000 0.6705 0.3203 5.1961 6.2858
300.0000 615.0000 0.6789 0.3260 5.3460 6.3853
300.0000 620.0000 0.6871 0.3317 5.4972 6.4842
300.0000 625.0000 0.6953 0.3374 5.6496 6.5825
300.0000 630.0000 0.7034 0.3431 5.8030 6.6802
300.0000 635.0000 0.7114 0.3487 5.9576 6.7773
300.0000 640.0000 0.7192 0.3544 6.1132 6.8738
300.0000 645.0000 0.7269 0.3600 6.2698 6.9695
300.0000 650.0000 0.7345 0.3655 6.4272 7.0646
300.0000 655.0000 0.7420 0.3711 6.5856 7.1590
300.0000 660.0000 0.7494 0.3766 6.7447 7.2526
300.0000 665.0000 0.7567 0.3821 6.9046 7.3455
300.0000 670.0000 0.7638 0.3876 7.0651 7.4376
300.0000 675.0000 0.7708 0.3930 7.2263 7.5289
300.0000 680.0000 0.7777 0.3984 7.3880 7.6194
300.0000 685.0000 0.7844 0.4037 7.5502 7.7091
300.0000 690.0000 0.7911 0.4090 7.7129 7.7978
300.0000 695.0000 0.7976 0.4143 7.8759 7.8857
300.0000 700.0000 0.8039 0.4195 8.0392 7.9726
300.0000 705.0000 0.8101 0.4247 8.2027 8.0586
300.0000 710.0000 0.8162 0.4298 8.3664 8.1436
300.0000 715.0000 0.8222 0.4348 8.5302 8.2276
300.0000 720.0000 0.8280 0.4399 8.6939 8.3104
300.0000 725.0000 0.8337 0.4448 8.8576 8.3922
300.0000 730.0000 0.8392 0.4497 9.0212 8.4729
300.0000 735.0000 0.8446 0.4545 9.1845 8.5524
300.0000 740.0000 0.8498 0.4592 9.3476 8.6306
300.0000 745.0000 0.8549 0.4639 9.5102 8.7077
300.0000 750.0000 0.8598 0.4685 9.6724 8.7834
300.0000 755.0000 0.8645 0.4730 9.8341 8.8578
300.0000 760.0000 0.8691 0.4774 9.9951 8.9308
300.0000 765.0000 0.8736 0.4817 10.1554 9.0023
300.0000 770.0000 0.8779 0.4859 10.3149 9.0724
300.0000 775.0000 0.8820 0.4900 10.4735 9.1409
300.0000 780.0000 0.8859 0.4941 10.6312 9.2079
300.0000 785.0000 0.8897 0.4980 10.7877 9.2732
300.0000 790.0000 0.8933 0.5018 10.9431 9.3368
300.0000 795.0000 0.8967 0.5054 11.0973 9.3986
300.0000 800.0000 0.9000 0.5090 11.2500 9.4587
