# S(Eg_0.5eV)   L-SPB L-SKB_300K L-SKB_400K L-SKB_500K L-SKB_600K L-SKB_700K L-SKB_800K
    2.0000     2.4426     2.4370     2.4356     2.4343     2.4330     2.4318     2.4307
    4.0000     2.4414     2.4281     2.4246     2.4213     2.4181     2.4150     2.4119
    6.0000     2.4394     2.4179     2.4120     2.4063     2.4008     2.3955     2.3902
    8.0000     2.4366     2.4068     2.3982     2.3900     2.3821     2.3744     2.3669
   10.0000     2.4330     2.3949     2.3835     2.3727     2.3623     2.3523     2.3427
   12.0000     2.4286     2.3823     2.3682     2.3548     2.3420     2.3298     2.3181
   14.0000     2.4234     2.3692     2.3523     2.3364     2.3213     2.3070     2.2935
   16.0000     2.4174     2.3556     2.3360     2.3177     2.3004     2.2843     2.2691
   18.0000     2.4106     2.3416     2.3194     2.2988     2.2796     2.2616     2.2449
   20.0000     2.4030     2.3271     2.3026     2.2798     2.2587     2.2392     2.2211
   22.0000     2.3947     2.3123     2.2855     2.2608     2.2381     2.2171     2.1977
   24.0000     2.3855     2.2972     2.2684     2.2419     2.2176     2.1953     2.1748
   26.0000     2.3756     2.2819     2.2512     2.2231     2.1974     2.1739     2.1524
   28.0000     2.3651     2.2665     2.2341     2.2044     2.1775     2.1529     2.1305
   30.0000     2.3538     2.2509     2.2169     2.1860     2.1579     2.1323     2.1091
   32.0000     2.3420     2.2352     2.1999     2.1677     2.1386     2.1122     2.0882
   34.0000     2.3297     2.2195     2.1829     2.1497     2.1197     2.0925     2.0678
   36.0000     2.3169     2.2037     2.1661     2.1320     2.1011     2.0732     2.0479
   38.0000     2.3038     2.1881     2.1495     2.1145     2.0829     2.0544     2.0286
   40.0000     2.2903     2.1725     2.1330     2.0973     2.0651     2.0360     2.0097
   42.0000     2.2765     2.1569     2.1168     2.0804     2.0476     2.0180     1.9913
   44.0000     2.2626     2.1416     2.1008     2.0638     2.0305     2.0005     1.9733
   46.0000     2.2485     2.1263     2.0850     2.0476     2.0138     1.9833     1.9559
   48.0000     2.2344     2.1112     2.0695     2.0316     1.9974     1.9666     1.9388
   50.0000     2.2202     2.0963     2.0542     2.0159     1.9814     1.9503     1.9222
   52.0000     2.2060     2.0816     2.0392     2.0006     1.9658     1.9344     1.9061
   54.0000     2.1919     2.0671     2.0244     1.9855     1.9505     1.9188     1.8903
   56.0000     2.1778     2.0528     2.0099     1.9708     1.9355     1.9037     1.8750
   58.0000     2.1638     2.0388     1.9957     1.9564     1.9209     1.8889     1.8600
   60.0000     2.1499     2.0249     1.9817     1.9423     1.9066     1.8744     1.8454
   62.0000     2.1362     2.0113     1.9680     1.9284     1.8927     1.8604     1.8312
   64.0000     2.1226     1.9980     1.9546     1.9149     1.8790     1.8466     1.8173
   66.0000     2.1092     1.9848     1.9414     1.9017     1.8657     1.8332     1.8038
   68.0000     2.0959     1.9720     1.9286     1.8888     1.8527     1.8201     1.7907
   70.0000     2.0829     1.9593     1.9159     1.8761     1.8400     1.8074     1.7778
   72.0000     2.0700     1.9469     1.9036     1.8637     1.8276     1.7949     1.7653
   74.0000     2.0574     1.9347     1.8915     1.8516     1.8155     1.7827     1.7531
   76.0000     2.0449     1.9228     1.8796     1.8398     1.8036     1.7709     1.7412
   78.0000     2.0327     1.9111     1.8680     1.8283     1.7921     1.7593     1.7296
   80.0000     2.0207     1.8997     1.8567     1.8169     1.7808     1.7480     1.7183
   82.0000     2.0089     1.8885     1.8456     1.8059     1.7698     1.7370     1.7073
   84.0000     1.9974     1.8775     1.8347     1.7951     1.7590     1.7262     1.6965
   86.0000     1.9860     1.8667     1.8241     1.7845     1.7485     1.7158     1.6861
   88.0000     1.9749     1.8562     1.8137     1.7742     1.7382     1.7055     1.6758
   90.0000     1.9640     1.8459     1.8035     1.7642     1.7282     1.6955     1.6658
   92.0000     1.9533     1.8358     1.7936     1.7543     1.7184     1.6858     1.6561
   94.0000     1.9428     1.8260     1.7838     1.7447     1.7088     1.6762     1.6466
   96.0000     1.9325     1.8163     1.7743     1.7353     1.6995     1.6669     1.6373
   98.0000     1.9225     1.8069     1.7650     1.7261     1.6904     1.6579     1.6283
  100.0000     1.9127     1.7976     1.7560     1.7171     1.6815     1.6490     1.6195
  102.0000     1.9030     1.7886     1.7471     1.7083     1.6728     1.6404     1.6109
  104.0000     1.8936     1.7798     1.7384     1.6998     1.6643     1.6319     1.6025
  106.0000     1.8844     1.7711     1.7299     1.6914     1.6560     1.6237     1.5943
  108.0000     1.8753     1.7627     1.7216     1.6832     1.6479     1.6157     1.5863
  110.0000     1.8665     1.7544     1.7135     1.6752     1.6400     1.6078     1.5785
  112.0000     1.8579     1.7463     1.7056     1.6674     1.6323     1.6002     1.5709
  114.0000     1.8494     1.7384     1.6978     1.6598     1.6247     1.5927     1.5635
  116.0000     1.8411     1.7307     1.6902     1.6523     1.6174     1.5854     1.5562
  118.0000     1.8330     1.7232     1.6828     1.6450     1.6102     1.5783     1.5491
  120.0000     1.8251     1.7158     1.6756     1.6379     1.6031     1.5713     1.5422
  122.0000     1.8174     1.7086     1.6686     1.6310     1.5963     1.5645     1.5355
  124.0000     1.8098     1.7015     1.6616     1.6242     1.5896     1.5579     1.5289
  126.0000     1.8024     1.6946     1.6549     1.6175     1.5830     1.5514     1.5225
  128.0000     1.7952     1.6879     1.6483     1.6111     1.5766     1.5451     1.5162
  130.0000     1.7881     1.6813     1.6419     1.6047     1.5704     1.5389     1.5101
  132.0000     1.7812     1.6748     1.6356     1.5986     1.5643     1.5329     1.5041
  134.0000     1.7745     1.6686     1.6294     1.5925     1.5583     1.5270     1.4983
  136.0000     1.7679     1.6624     1.6234     1.5866     1.5525     1.5212     1.4926
  138.0000     1.7614     1.6564     1.6175     1.5808     1.5468     1.5156     1.4870
  140.0000     1.7551     1.6505     1.6118     1.5752     1.5413     1.5101     1.4816
  142.0000     1.7489     1.6448     1.6062     1.5697     1.5359     1.5048     1.4763
  144.0000     1.7429     1.6392     1.6007     1.5643     1.5306     1.4995     1.4711
  146.0000     1.7370     1.6337     1.5953     1.5591     1.5254     1.4944     1.4660
  148.0000     1.7312     1.6283     1.5901     1.5539     1.5204     1.4895     1.4611
  150.0000     1.7256     1.6231     1.5850     1.5489     1.5154     1.4846     1.4563
  152.0000     1.7201     1.6180     1.5800     1.5440     1.5106     1.4798     1.4516
  154.0000     1.7147     1.6130     1.5751     1.5392     1.5059     1.4752     1.4470
  156.0000     1.7095     1.6081     1.5703     1.5346     1.5013     1.4706     1.4425
  158.0000     1.7043     1.6033     1.5657     1.5300     1.4968     1.4662     1.4381
  160.0000     1.6993     1.5987     1.5611     1.5255     1.4924     1.4619     1.4338
  162.0000     1.6944     1.5941     1.5567     1.5212     1.4881     1.4577     1.4297
  164.0000     1.6896     1.5896     1.5523     1.5169     1.4839     1.4535     1.4256
  166.0000     1.6850     1.5853     1.5481     1.5127     1.4799     1.4495     1.4216
  168.0000     1.6804     1.5810     1.5439     1.5087     1.4759     1.4456     1.4177
  170.0000     1.6759     1.5769     1.5399     1.5047     1.4720     1.4417     1.4139
  172.0000     1.6715     1.5728     1.5359     1.5008     1.4681     1.4380     1.4102
  174.0000     1.6673     1.5688     1.5320     1.4970     1.4644     1.4343     1.4066
  176.0000     1.6631     1.5650     1.5282     1.4933     1.4608     1.4307     1.4030
  178.0000     1.6590     1.5612     1.5245     1.4897     1.4572     1.4272     1.3996
  180.0000     1.6550     1.5575     1.5209     1.4862     1.4538     1.4238     1.3962
  182.0000     1.6511     1.5539     1.5174     1.4827     1.4504     1.4204     1.3929
  184.0000     1.6473     1.5503     1.5140     1.4794     1.4470     1.4172     1.3897
  186.0000     1.6436     1.5469     1.5106     1.4761     1.4438     1.4140     1.3865
  188.0000     1.6400     1.5435     1.5073     1.4728     1.4406     1.4109     1.3835
  190.0000     1.6364     1.5402     1.5041     1.4697     1.4376     1.4078     1.3804
  192.0000     1.6330     1.5370     1.5009     1.4666     1.4345     1.4049     1.3775
  194.0000     1.6296     1.5338     1.4979     1.4636     1.4316     1.4020     1.3747
  196.0000     1.6263     1.5308     1.4949     1.4607     1.4287     1.3991     1.3719
  198.0000     1.6230     1.5277     1.4919     1.4578     1.4259     1.3964     1.3691
  200.0000     1.6199     1.5248     1.4891     1.4550     1.4232     1.3936     1.3665
  202.0000     1.6168     1.5219     1.4863     1.4523     1.4205     1.3910     1.3638
  204.0000     1.6138     1.5191     1.4835     1.4496     1.4178     1.3884     1.3613
  206.0000     1.6108     1.5164     1.4809     1.4470     1.4153     1.3859     1.3588
  208.0000     1.6079     1.5137     1.4783     1.4444     1.4128     1.3834     1.3564
  210.0000     1.6051     1.5111     1.4757     1.4419     1.4103     1.3810     1.3540
  212.0000     1.6024     1.5085     1.4732     1.4395     1.4079     1.3787     1.3517
  214.0000     1.5997     1.5061     1.4708     1.4371     1.4056     1.3764     1.3494
  216.0000     1.5971     1.5036     1.4684     1.4348     1.4033     1.3741     1.3472
  218.0000     1.5945     1.5012     1.4661     1.4325     1.4011     1.3720     1.3451
  220.0000     1.5920     1.4989     1.4638     1.4303     1.3989     1.3698     1.3429
  222.0000     1.5896     1.4966     1.4616     1.4281     1.3968     1.3677     1.3409
  224.0000     1.5872     1.4944     1.4594     1.4260     1.3947     1.3657     1.3389
  226.0000     1.5848     1.4922     1.4573     1.4240     1.3927     1.3637     1.3369
  228.0000     1.5825     1.4901     1.4552     1.4219     1.3907     1.3617     1.3350
  230.0000     1.5803     1.4880     1.4532     1.4200     1.3888     1.3598     1.3331
  232.0000     1.5781     1.4860     1.4512     1.4180     1.3869     1.3580     1.3313
  234.0000     1.5760     1.4840     1.4493     1.4161     1.3850     1.3561     1.3295
  236.0000     1.5739     1.4821     1.4474     1.4143     1.3832     1.3544     1.3277
  238.0000     1.5719     1.4802     1.4456     1.4125     1.3815     1.3526     1.3260
  240.0000     1.5699     1.4784     1.4438     1.4107     1.3797     1.3509     1.3243
  242.0000     1.5679     1.4765     1.4420     1.4090     1.3780     1.3493     1.3227
  244.0000     1.5660     1.4748     1.4403     1.4073     1.3764     1.3477     1.3211
  246.0000     1.5642     1.4731     1.4386     1.4057     1.3748     1.3461     1.3196
  248.0000     1.5624     1.4714     1.4370     1.4041     1.3732     1.3445     1.3180
  250.0000     1.5606     1.4697     1.4354     1.4025     1.3717     1.3430     1.3165
  252.0000     1.5589     1.4681     1.4338     1.4010     1.3702     1.3416     1.3151
  254.0000     1.5572     1.4666     1.4323     1.3995     1.3687     1.3401     1.3137
  256.0000     1.5555     1.4650     1.4308     1.3980     1.3673     1.3387     1.3123
  258.0000     1.5539     1.4635     1.4293     1.3966     1.3659     1.3373     1.3109
  260.0000     1.5524     1.4621     1.4279     1.3952     1.3645     1.3360     1.3096
  262.0000     1.5508     1.4606     1.4265     1.3939     1.3632     1.3347     1.3083
  264.0000     1.5493     1.4592     1.4252     1.3925     1.3619     1.3334     1.3071
  266.0000     1.5478     1.4579     1.4238     1.3912     1.3606     1.3321     1.3058
  268.0000     1.5464     1.4565     1.4225     1.3900     1.3594     1.3309     1.3046
  270.0000     1.5450     1.4552     1.4213     1.3887     1.3581     1.3297     1.3034
  272.0000     1.5436     1.4539     1.4200     1.3875     1.3570     1.3286     1.3023
  274.0000     1.5423     1.4527     1.4188     1.3863     1.3558     1.3274     1.3012
  276.0000     1.5410     1.4515     1.4176     1.3852     1.3547     1.3263     1.3001
  278.0000     1.5397     1.4503     1.4165     1.3840     1.3536     1.3252     1.2990
  280.0000     1.5385     1.4491     1.4153     1.3829     1.3525     1.3242     1.2979
  282.0000     1.5372     1.4480     1.4142     1.3818     1.3514     1.3231     1.2969
  284.0000     1.5360     1.4469     1.4131     1.3808     1.3504     1.3221     1.2959
  286.0000     1.5349     1.4458     1.4121     1.3798     1.3494     1.3211     1.2949
  288.0000     1.5337     1.4447     1.4111     1.3787     1.3484     1.3201     1.2940
  290.0000     1.5326     1.4437     1.4100     1.3778     1.3474     1.3192     1.2931
  292.0000     1.5315     1.4427     1.4091     1.3768     1.3465     1.3183     1.2921
  294.0000     1.5305     1.4417     1.4081     1.3759     1.3456     1.3174     1.2913
  296.0000     1.5294     1.4408     1.4072     1.3749     1.3447     1.3165     1.2904
  298.0000     1.5284     1.4398     1.4062     1.3740     1.3438     1.3156     1.2895
  300.0000     1.5274     1.4389     1.4053     1.3732     1.3429     1.3148     1.2887
  302.0000     1.5265     1.4380     1.4045     1.3723     1.3421     1.3139     1.2879
  304.0000     1.5255     1.4371     1.4036     1.3715     1.3413     1.3131     1.2871
  306.0000     1.5246     1.4362     1.4028     1.3707     1.3405     1.3124     1.2863
  308.0000     1.5237     1.4354     1.4020     1.3699     1.3397     1.3116     1.2856
  310.0000     1.5228     1.4346     1.4012     1.3691     1.3389     1.3108     1.2848
  312.0000     1.5220     1.4338     1.4004     1.3683     1.3382     1.3101     1.2841
  314.0000     1.5211     1.4330     1.3996     1.3676     1.3374     1.3094     1.2834
  316.0000     1.5203     1.4322     1.3989     1.3668     1.3367     1.3087     1.2827
  318.0000     1.5195     1.4315     1.3981     1.3661     1.3360     1.3080     1.2820
  320.0000     1.5187     1.4308     1.3974     1.3654     1.3354     1.3073     1.2814
  322.0000     1.5179     1.4301     1.3967     1.3648     1.3347     1.3067     1.2807
  324.0000     1.5172     1.4294     1.3961     1.3641     1.3340     1.3060     1.2801
  326.0000     1.5164     1.4287     1.3954     1.3635     1.3334     1.3054     1.2795
  328.0000     1.5157     1.4280     1.3947     1.3628     1.3328     1.3048     1.2789
  330.0000     1.5150     1.4274     1.3941     1.3622     1.3322     1.3042     1.2783
  332.0000     1.5144     1.4267     1.3935     1.3616     1.3316     1.3036     1.2777
  334.0000     1.5137     1.4261     1.3929     1.3610     1.3310     1.3031     1.2772
  336.0000     1.5130     1.4255     1.3923     1.3604     1.3304     1.3025     1.2766
  338.0000     1.5124     1.4249     1.3917     1.3599     1.3299     1.3020     1.2761
  340.0000     1.5118     1.4243     1.3912     1.3593     1.3294     1.3014     1.2756
  342.0000     1.5112     1.4238     1.3906     1.3588     1.3288     1.3009     1.2751
  344.0000     1.5106     1.4232     1.3901     1.3583     1.3283     1.3004     1.2746
  346.0000     1.5100     1.4227     1.3895     1.3577     1.3278     1.2999     1.2741
  348.0000     1.5094     1.4221     1.3890     1.3572     1.3273     1.2994     1.2736
  350.0000     1.5089     1.4216     1.3885     1.3567     1.3268     1.2990     1.2732
  352.0000     1.5083     1.4211     1.3880     1.3563     1.3264     1.2985     1.2727
  354.0000     1.5078     1.4206     1.3876     1.3558     1.3259     1.2981     1.2723
  356.0000     1.5073     1.4201     1.3871     1.3553     1.3255     1.2976     1.2718
  358.0000     1.5068     1.4197     1.3866     1.3549     1.3250     1.2972     1.2714
  360.0000     1.5063     1.4192     1.3862     1.3545     1.3246     1.2968     1.2710
  362.0000     1.5058     1.4188     1.3857     1.3540     1.3242     1.2964     1.2706
  364.0000     1.5053     1.4183     1.3853     1.3536     1.3238     1.2960     1.2702
  366.0000     1.5049     1.4179     1.3849     1.3532     1.3234     1.2956     1.2698
  368.0000     1.5044     1.4175     1.3845     1.3528     1.3230     1.2952     1.2694
  370.0000     1.5040     1.4171     1.3841     1.3524     1.3226     1.2948     1.2691
  372.0000     1.5035     1.4167     1.3837     1.3520     1.3222     1.2945     1.2687
  374.0000     1.5031     1.4163     1.3833     1.3517     1.3219     1.2941     1.2684
  376.0000     1.5027     1.4159     1.3830     1.3513     1.3215     1.2937     1.2680
  378.0000     1.5023     1.4155     1.3826     1.3510     1.3212     1.2934     1.2677
  380.0000     1.5019     1.4152     1.3822     1.3506     1.3208     1.2931     1.2673
  382.0000     1.5015     1.4148     1.3819     1.3503     1.3205     1.2927     1.2670
  384.0000     1.5012     1.4145     1.3816     1.3499     1.3202     1.2924     1.2667
  386.0000     1.5008     1.4141     1.3812     1.3496     1.3199     1.2921     1.2664
  388.0000     1.5005     1.4138     1.3809     1.3493     1.3195     1.2918     1.2661
  390.0000     1.5001     1.4135     1.3806     1.3490     1.3192     1.2915     1.2658
  392.0000     1.4998     1.4132     1.3803     1.3487     1.3189     1.2912     1.2655
  394.0000     1.4994     1.4128     1.3800     1.3484     1.3187     1.2909     1.2653
  396.0000     1.4991     1.4125     1.3797     1.3481     1.3184     1.2907     1.2650
  398.0000     1.4988     1.4122     1.3794     1.3478     1.3181     1.2904     1.2647
  400.0000     1.4985     1.4120     1.3791     1.3476     1.3178     1.2901     1.2645
