#Interpolate via cubic method - 2024.02.08 04:01:59 TEflow(0.2.0)
105.8400 1.8851 1.7718 1.7306 1.6921 1.6567 1.6243 1.5949
130.9400 1.7848 1.6782 1.6389 1.6018 1.5675 1.5361 1.5073
153.6600 1.7156 1.6138 1.5759 1.5400 1.5067 1.4760 1.4478
178.0900 1.6588 1.5610 1.5243 1.4895 1.4570 1.4270 1.3994
205.0900 1.6122 1.5176 1.4821 1.4482 1.4164 1.3870 1.3599
229.4800 1.5809 1.4885 1.4537 1.4205 1.3893 1.3603 1.3336
247.0000 1.5633 1.4723 1.4378 1.4049 1.3740 1.3453 1.3188
258.3400 1.5536 1.4633 1.4291 1.3964 1.3657 1.3371 1.3107
266.2300 1.5476 1.4577 1.4236 1.3911 1.3605 1.3320 1.3057
268.8800 1.5458 1.4559 1.4220 1.3894 1.3588 1.3304 1.3041
